{
 "cells": [
  {
   "cell_type": "code",
   "execution_count": 5,
   "metadata": {},
   "outputs": [],
   "source": [
    "import numpy as np\n",
    "import pandas as pd"
   ]
  },
  {
   "cell_type": "code",
   "execution_count": 6,
   "metadata": {},
   "outputs": [],
   "source": [
    "## Create artificial data set with\n",
    "n = 2000\n",
    "x1 = np.random.normal(scale=1, size=n)\n",
    "x2 = np.random.normal(loc=0, scale=1, size=n)\n",
    "x3 = np.random.normal(loc=0, scale=1, size=n)\n",
    "x4 = np.random.normal(loc=0, scale=1, size=n)\n",
    "eps = np.random.normal(loc=0, scale=1, size=n)\n",
    "\n",
    "y = 5 * ((x1 > 1).astype(int) * (x2 <  -1).astype(int)) + 0.3 * x4 + eps\n",
    "\n",
    "X = pd.DataFrame({'x1': x1, 'x2': x2, 'x3': x3, 'x4': x4, 'y': y})"
   ]
  },
  {
   "cell_type": "code",
   "execution_count": 7,
   "metadata": {
    "collapsed": false
   },
   "outputs": [
    {
     "data": {
      "text/html": [
       "<div>\n",
       "<style scoped>\n",
       "    .dataframe tbody tr th:only-of-type {\n",
       "        vertical-align: middle;\n",
       "    }\n",
       "\n",
       "    .dataframe tbody tr th {\n",
       "        vertical-align: top;\n",
       "    }\n",
       "\n",
       "    .dataframe thead th {\n",
       "        text-align: right;\n",
       "    }\n",
       "</style>\n",
       "<table border=\"1\" class=\"dataframe\">\n",
       "  <thead>\n",
       "    <tr style=\"text-align: right;\">\n",
       "      <th></th>\n",
       "      <th>x1</th>\n",
       "      <th>x2</th>\n",
       "      <th>x3</th>\n",
       "      <th>x4</th>\n",
       "      <th>y</th>\n",
       "    </tr>\n",
       "  </thead>\n",
       "  <tbody>\n",
       "    <tr>\n",
       "      <th>x1</th>\n",
       "      <td>1.000000</td>\n",
       "      <td>0.010566</td>\n",
       "      <td>0.007257</td>\n",
       "      <td>0.012324</td>\n",
       "      <td>0.155838</td>\n",
       "    </tr>\n",
       "    <tr>\n",
       "      <th>x2</th>\n",
       "      <td>0.010566</td>\n",
       "      <td>1.000000</td>\n",
       "      <td>-0.007963</td>\n",
       "      <td>0.007971</td>\n",
       "      <td>-0.135152</td>\n",
       "    </tr>\n",
       "    <tr>\n",
       "      <th>x3</th>\n",
       "      <td>0.007257</td>\n",
       "      <td>-0.007963</td>\n",
       "      <td>1.000000</td>\n",
       "      <td>0.047863</td>\n",
       "      <td>-0.069971</td>\n",
       "    </tr>\n",
       "    <tr>\n",
       "      <th>x4</th>\n",
       "      <td>0.012324</td>\n",
       "      <td>0.007971</td>\n",
       "      <td>0.047863</td>\n",
       "      <td>1.000000</td>\n",
       "      <td>0.197467</td>\n",
       "    </tr>\n",
       "    <tr>\n",
       "      <th>y</th>\n",
       "      <td>0.155838</td>\n",
       "      <td>-0.135152</td>\n",
       "      <td>-0.069971</td>\n",
       "      <td>0.197467</td>\n",
       "      <td>1.000000</td>\n",
       "    </tr>\n",
       "  </tbody>\n",
       "</table>\n",
       "</div>"
      ],
      "text/plain": [
       "          x1        x2        x3        x4         y\n",
       "x1  1.000000  0.010566  0.007257  0.012324  0.155838\n",
       "x2  0.010566  1.000000 -0.007963  0.007971 -0.135152\n",
       "x3  0.007257 -0.007963  1.000000  0.047863 -0.069971\n",
       "x4  0.012324  0.007971  0.047863  1.000000  0.197467\n",
       "y   0.155838 -0.135152 -0.069971  0.197467  1.000000"
      ]
     },
     "execution_count": 7,
     "metadata": {},
     "output_type": "execute_result"
    }
   ],
   "source": [
    "X.corr()"
   ]
  },
  {
   "cell_type": "code",
   "execution_count": 8,
   "metadata": {
    "collapsed": false
   },
   "outputs": [],
   "source": [
    "X.to_csv(\"simulated_data.csv\")"
   ]
  },
  {
   "cell_type": "markdown",
   "metadata": {
    "collapsed": false
   },
   "source": []
  }
 ],
 "metadata": {
  "kernelspec": {
   "display_name": "Python 3.10.8 64-bit",
   "language": "python",
   "name": "python3"
  },
  "language_info": {
   "codemirror_mode": {
    "name": "ipython",
    "version": 3
   },
   "file_extension": ".py",
   "mimetype": "text/x-python",
   "name": "python",
   "nbconvert_exporter": "python",
   "pygments_lexer": "ipython3",
   "version": "3.10.8"
  },
  "vscode": {
   "interpreter": {
    "hash": "aee8b7b246df8f9039afb4144a1f6fd8d2ca17a180786b69acc140d282b71a49"
   }
  }
 },
 "nbformat": 4,
 "nbformat_minor": 5
}
